0,441
0,440
0,439
0,438
40,5
40,4
40,3
40,2
40,1
40,0
0,437
0,436
0,435
0,434
0,433
39,5
39,4
39,3
39,2
39,1
39,0
0,432
0,431
0,430
0,429
0,428
38,5
38,4
38,3
38,2
0,427
38,1
38,0
0,426
0,425
0,424
0,423
0,422
0,421
0,420
37,5
37,4
37,3
37,2
0,419
37,1
37,0
0,418
0,417
0,416
0,415
0,414
0,413
0,412
0,411
36,5
36,4
36,3
36,2
0,410
36,1
36,0
0,409
0,408
0,407
0,406
0,405
0,404
0,403
35,5
35,4
35,3
35,2
0,402
35,1
35,0
0,401
0,400
0,399
0,398
0,397
0,396
0,395
34,5
34,4
34,3
34,2
0,394
34,1
34,0
0,393
0,392
0,391
0,390
33,3
33,2
33,1
33,0
0,278
0,389
0,388
0,387
0,386
0,385
32,3
32,2
32,1
32,0
31,5
31,4
31,3
31,2
31,1
31,0
0,273
0,270
30,5
30,4
30,3
30,2
30,1
